[6] 1 [[117, 102]]
[39] 2 [[0], [54, 48]]
[60] 490 [[0]]
[275] 2 [[2], [78, 70]]
[360] 91 [[0], [78, 24]]
[379] 451 [[1], [89, 69]]
[396] 2 [[0], [54, 48]]
[412] 490 [[0]]
[605] 490 [[0]]
[805] 490 [[0]]
[889] 2 [[2], [82, 56]]
[961] 42 [[0], [28, 58]]
[976] 451 [[1], [62, 80]]
[1038] 2 [[0], [54, 48]]
[1063] 490 [[0]]
[1125] 490 [[0]]
[1335] 3 [[0], [55, 48], [87, 80]]
[1428] 42 [[0], [28, 42]]
[1447] 451 [[1], [84, 74]]
[1725] 42 [[0], [28, 26]]
[1754] 451 [[1], [84, 74]]
[1811] 2 [[0], [54, 48]]
[1817] 490 [[0]]
[1945] 490 [[0]]
[2099] 2 [[0], [28, 58]]
[2104] 2 [[3], [28, 42]]
[2119] 477 [[0]]
[2131] 477 [[0]]
[2141] 477 [[0]]
[2196] 3 [[0], [55, 48], [87, 79]]
[2309] 91 [[0], [68, 24]]
[2334] 451 [[1], [84, 74]]
[2532] 2 [[0], [28, 58]]
[2537] 2 [[3], [28, 42]]
[2545] 477 [[0]]
[2557] 477 [[0]]
[2570] 477 [[0]]
[2766] 3 [[0], [55, 51], [87, 80]]
[2796] 91 [[0], [57, 24]]
[2826] 451 [[1], [84, 74]]
[2911] 2 [[0], [28, 58]]
[2915] 2 [[3], [28, 42]]
[2923] 477 [[0]]
[2934] 477 [[0]]
[3041] 477 [[0]]
[3079] 477 [[0]]
[3177] 477 [[0]]
[3189] 477 [[0]]
[3267] 477 [[0]]
[3326] 477 [[0]]
[3448] 2 [[2], [59, 67]]
[3481] 91 [[0], [46, 24]]
[3498] 451 [[1], [84, 74]]
[3537] 2 [[0], [28, 58]]
[3542] 2 [[3], [28, 42]]
[3555] 477 [[0]]
[3645] 477 [[0]]
[3798] 3 [[0], [54, 48], [84, 84]]
[3832] 91 [[0], [78, 13]]
[3855] 451 [[1], [84, 74]]
[3894] 2 [[0], [28, 58]]
[3899] 2 [[3], [28, 42]]
[3929] 477 [[0]]
[3936] 477 [[0]]
[4001] 477 [[0]]
[4099] 477 [[0]]
[4199] 7 [[0]]
[4235] 13 [[0], [13, 14]]
[4358] 3 [[0], [61, 48], [87, 76]]
[4389] 91 [[0], [68, 13]]
[4420] 451 [[1], [78, 80]]
[4470] 2 [[0], [28, 58]]
[4474] 2 [[3], [28, 42]]
[4483] 477 [[0]]
[4494] 477 [[0]]
[4496] 477 [[0]]
[4530] 477 [[0]]
[4601] 477 [[0]]
[4631] 7 [[0]]
[4669] 13 [[0], [12, 13]]
[4700] 13 [[0], [11, 17]]
[4739] 13 [[0], [13, 16]]
[4772] 13 [[0], [15, 16]]
[4808] 13 [[0], [14, 15]]
[4866] 2 [[0], [28, 58]]
[4870] 2 [[3], [28, 42]]
[4874] 477 [[0]]
[4886] 477 [[0]]
[4887] 477 [[0]]
[4898] 477 [[0]]
[4941] 3 [[0], [0, 0], [28, 68]]
[4962] 13 [[0], [12, 13]]
[4978] 7 [[0]]
[4997] 13 [[0], [13, 14]]
[5018] 2 [[0], [28, 58]]
[5023] 2 [[3], [28, 42]]
[5036] 477 [[0]]
[5047] 477 [[0]]
[5082] 7 [[0]]
[5108] 13 [[0], [13, 15]]
[5162] 13 [[0], [12, 15]]
[5195] 13 [[0], [12, 14]]
[5231] 2 [[2], [86, 52]]
[5273] 91 [[0], [57, 13]]
[5309] 91 [[0], [46, 13]]
[5339] 451 [[1], [84, 74]]
[5361] 2 [[0], [28, 58]]
[5367] 2 [[3], [28, 42]]
[5373] 477 [[0]]
[5413] 7 [[0]]
[5432] 13 [[0], [13, 18]]
[5469] 13 [[0], [11, 16]]
[5501] 13 [[0], [10, 15]]
[5521] 2 [[0], [28, 58]]
[5525] 2 [[3], [28, 42]]
[5537] 477 [[0]]
[5547] 477 [[0]]
[5721] 477 [[0]]
[5732] 477 [[0]]
[5760] 7 [[0]]
[5781] 13 [[0], [7, 19]]
[5822] 13 [[0], [9, 11]]
[5872] 2 [[0], [28, 58]]
[5876] 2 [[3], [28, 42]]
[5884] 477 [[0]]
[5895] 477 [[0]]
[5904] 477 [[0]]
[5924] 7 [[0]]
[5944] 13 [[0], [7, 14]]
[5980] 13 [[0], [13, 12]]
[6017] 13 [[0], [8, 15]]
[6095] 2 [[0], [28, 58]]
[6101] 2 [[3], [28, 42]]
[6124] 477 [[0]]
[6135] 477 [[0]]
[6137] 477 [[0]]
[6173] 7 [[0]]
[6199] 13 [[0], [10, 15]]
[6233] 13 [[0], [11, 14]]
[6360] 13 [[0], [9, 15]]
[6412] 2 [[0], [28, 58]]
[6418] 2 [[3], [28, 42]]
[6504] 7 [[0]]
[6521] 13 [[0], [11, 16]]
[6538] 7 [[0]]
[6551] 13 [[0], [11, 14]]
[6593] 13 [[0], [9, 14]]
[6687] 13 [[0], [14, 16]]
[6727] 13 [[0], [12, 15]]
[6750] 2 [[0], [54, 48]]
[6818] 2 [[2], [82, 65]]
[6838] 91 [[0], [9, 66]]
[6857] 91 [[0], [9, 56]]
[6881] 91 [[0], [0, 56]]
[6895] 91 [[0], [0, 66]]
[6924] 451 [[1], [84, 74]]
[6960] 2 [[0], [28, 58]]
[6965] 2 [[3], [28, 42]]
[6969] 477 [[0]]
[6980] 477 [[0]]
[6982] 477 [[0]]
[6983] 477 [[0]]
[7016] 7 [[0]]
[7034] 13 [[0], [9, 13]]
[7064] 13 [[0], [17, 17]]
[7114] 13 [[0], [8, 14]]
[7183] 2 [[0], [28, 58]]
[7188] 2 [[3], [28, 42]]
[7192] 477 [[0]]
[7229] 7 [[0]]
[7245] 13 [[0], [9, 15]]
[7287] 13 [[0], [7, 17]]
[7392] 7 [[0]]
[7409] 13 [[0], [8, 13]]
[7463] 2 [[0], [28, 58]]
[7468] 2 [[3], [28, 42]]
[7471] 477 [[0]]
[7483] 477 [[0]]
[7484] 477 [[0]]
[7514] 7 [[0]]
[7532] 13 [[0], [11, 12]]
[7565] 13 [[0], [5, 12]]
[7596] 13 [[0], [7, 14]]
[7756] 7 [[0]]
[7771] 13 [[0], [8, 14]]
[7791] 2 [[0], [28, 58]]
[7834] 2 [[3], [28, 42]]
[7841] 477 [[0]]
[7853] 477 [[0]]
[7869] 7 [[0]]
[7882] 13 [[0], [8, 14]]
[7907] 13 [[0], [10, 9]]
[7933] 13 [[0], [7, 14]]
[7971] 13 [[0], [6, 10]]