0 []
1 [(64, 64)]                    # 1
2 [(4,), (84, 84)]              # 2
3 [(2,), (84, 84), (84, 84)]    # 3
4 [(5,), (10,)]                 # 4
5 [(4,), (500,)]                # 5
6 [(4,)]                        # 6
7 [(2,)]
8 [(2,)]
9 []
10 [(500,)]                     # 10
11 [(10,)]                      # 11
12 [(2,), (84, 84)]
13 [(2,), (64, 64)]
14 [(2,), (84, 84)]
15 [(2,), (64, 64)]
16 [(2,), (84, 84)]
17 [(2,), (64, 64)]
18 [(2,), (84, 84)]
19 [(2,), (84, 84)]
20 [(2,), (64, 64)]
21 [(2,)]
22 [(2,)]
23 [(2,)]
24 [(2,)]
25 [(2,)]
26 [(2,)]
27 [(2,)]
28 [(2,)]
29 [(2,)]
30 [(2,)]
31 [(2,)]
32 [(2,)]
33 [(2,)]
34 [(2,)]
35 [(2,)]
36 [(2,)]
37 [(2,)]
38 [(2,)]
39 [(2,), (84, 84)]
40 [(2,), (84, 84)]
41 [(2,), (84, 84)]
42 [(2,), (84, 84)]
43 [(2,), (84, 84)]
44 [(2,), (84, 84)]
45 [(2,), (84, 84)]
46 [(2,), (84, 84)]
47 [(2,), (84, 84)]
48 [(2,), (84, 84)]
49 [(2,), (84, 84)]
50 [(2,), (84, 84)]
51 [(2,), (84, 84)]
52 [(2,), (84, 84)]
53 [(2,), (84, 84)]
54 [(2,), (84, 84)]
55 [(2,), (84, 84)]
56 [(2,), (84, 84)]
57 [(2,), (84, 84)]
58 [(2,), (84, 84)]
59 [(2,), (84, 84)]
60 [(2,), (84, 84)]
61 [(2,), (84, 84)]
62 [(2,)]
63 []
64 [(2,), (84, 84)]
65 [(2,), (84, 84)]
66 [(2,)]
67 [(2,), (84, 84)]
68 [(2,), (84, 84)]
69 [(2,), (84, 84)]
70 [(2,), (84, 84)]
71 [(2,)]
72 [(2,), (84, 84)]
73 [(2,)]
74 [(2,), (84, 84)]
75 [(2,)]
76 [(2,), (84, 84)]
77 [(2,)]
78 [(2,), (84, 84)]
79 [(2,), (84, 84)]
80 [(2,), (84, 84)]
81 [(2,), (84, 84)]
82 [(2,), (84, 84)]
83 [(2,), (84, 84)]
84 [(2,), (84, 84)]
85 [(2,), (84, 84)]
86 [(2,), (84, 84)]
87 [(2,), (84, 84)]
88 [(2,), (84, 84)]
89 [(2,), (84, 84)]
90 [(2,), (84, 84)]
91 [(2,), (84, 84)]
92 [(2,)]
93 [(2,), (84, 84)]
94 [(2,)]
95 [(2,), (84, 84)]
96 [(2,)]
97 [(2,), (84, 84)]
98 [(2,)]
99 [(2,), (84, 84)]
100 [(2,), (84, 84)]
101 [(2,), (84, 84)]
102 [(2,), (84, 84)]
103 [(2,)]
104 [(2,)]
105 [(2,)]
106 [(2,)]
107 [(2,)]
108 [(2,)]
109 [(2,)]
110 [(2,)]
111 [(2,)]
112 [(2,)]
113 [(2,)]
114 [(2,)]
115 [(2,)]
116 [(2,)]
117 [(2,)]
118 []
119 [(2,)]
120 []
121 [(2,)]
122 [(2,)]
123 []
124 [(2,)]
125 [(2,)]
126 []
127 [(2,)]
128 [(2,)]
129 []
130 [(2,)]
131 []
132 [(2,)]
133 []
134 [(2,)]
135 [(2,)]
136 []
137 [(2,)]
138 [(2,)]
139 []
140 [(2,)]
141 [(2,)]
142 [(2,)]
143 [(2,)]
144 [(2,)]
145 [(2,)]
146 [(2,)]
147 [(2,)]
148 [(2,)]
149 [(2,)]
150 [(2,)]
151 [(2,)]
152 [(2,)]
153 [(2,)]
154 [(2,)]
155 [(2,)]
156 [(2,)]
157 [(2,)]
158 [(2,)]
159 [(2,)]
160 [(2,)]
161 [(2,)]
162 [(2,)]
163 [(2,)]
164 [(2,)]
165 [(2,)]
166 [(2,)]
167 [(2,)]
168 [(2,)]
169 [(2,)]
170 [(2,)]
171 [(2,)]
172 [(2,)]
173 [(2,)]
174 [(2,)]
175 [(2,)]
176 [(2,), (84, 84)]
177 [(2,), (84, 84)]
178 [(2,), (84, 84)]
179 [(2,), (84, 84)]
180 [(2,), (84, 84)]
181 [(2,), (84, 84)]
182 [(2,), (84, 84)]
183 [(2,), (84, 84)]
184 [(2,), (84, 84)]
185 [(2,), (84, 84)]
186 []
187 [(2,), (84, 84)]
188 [(2,), (84, 84)]
189 [(2,), (84, 84)]
190 [(2,), (84, 84)]
191 [(2,)]
192 [(2,), (84, 84)]
193 [(2,), (84, 84)]
194 [(2,), (84, 84)]
195 [(2,), (84, 84)]
196 [(2,), (84, 84)]
197 [(2,)]
198 [(2,), (84, 84)]
199 []
200 [(2,), (84, 84)]
201 [(2,)]
202 []
203 [(2,), (84, 84)]
204 [(2,), (84, 84)]
205 [(2,), (84, 84)]
206 [(2,), (84, 84)]
207 [(2,), (84, 84)]
208 [(2,), (84, 84)]
209 [(2,), (84, 84)]
210 [(2,), (84, 84)]
211 [(2,)]
212 [(2,), (84, 84)]
213 [(2,), (84, 84)]
214 [(2,), (84, 84)]
215 [(2,), (84, 84)]
216 [(2,), (84, 84)]
217 [(2,), (84, 84)]
218 [(2,), (84, 84)]
219 [(2,), (84, 84)]
220 [(2,), (84, 84)]
221 []
222 [(2,), (84, 84)]
223 []
224 [(2,), (84, 84)]
225 []
226 [(2,)]
227 [(2,), (84, 84)]
228 [(2,)]
229 [(2,), (84, 84)]
230 [(2,), (84, 84)]
231 [(2,), (84, 84)]
232 [(2,), (84, 84)]
233 [(2,), (84, 84)]
234 [(2,)]
235 [(2,)]
236 [(2,)]
237 [(2,)]
238 [(2,)]
239 [(2,), (84, 84)]
240 [(2,), (84, 84)]
241 [(2,), (84, 84)]
242 [(2,), (84, 84)]
243 [(2,), (84, 84)]
244 [(2,)]
245 [(2,), (84, 84)]
246 []
247 [(2,), (84, 84)]
248 [(2,)]
249 [(2,)]
250 [(2,)]
251 [(2,)]
252 [(2,)]
253 [(2,)]
254 [(2,)]
255 [(2,)]
256 [(2,)]
257 [(2,)]
258 [(2,)]
259 [(2,)]
260 [(2,)]
261 [(2,)]
262 [(2,)]
263 [(2,)]
264 [(2,), (84, 84)]
265 [(2,), (84, 84)]
266 [(2,), (84, 84)]
267 [(2,), (84, 84)]
268 [(2,), (84, 84)]
269 [(2,)]
270 [(2,)]
271 [(2,)]
272 [(2,)]
273 [(2,)]
274 [(2,)]
275 [(2,), (84, 84)]
276 [(2,), (84, 84)]
277 [(2,), (84, 84)]
278 [(2,), (84, 84)]
279 [(2,), (84, 84)]
280 [(2,), (84, 84)]
281 [(2,)]
282 [(2,)]
283 [(2,)]
284 [(2,)]
285 [(2,)]
286 [(2,)]
287 [(2,), (84, 84)]
288 [(2,), (84, 84)]
289 [(2,), (84, 84)]
290 [(2,), (84, 84)]
291 [(2,), (84, 84)]
292 [(2,), (84, 84)]
293 [(2,), (84, 84)]
294 [(2,)]
295 [(2,)]
296 [(2,)]
297 [(2,)]
298 [(2,)]
299 [(2,)]
300 [(2,)]
301 [(2,)]
302 [(2,)]
303 [(2,)]
304 [(2,)]
305 [(2,), (84, 84)]
306 [(2,)]
307 [(2,)]
308 [(2,)]
309 [(2,)]
310 [(2,)]
311 [(2,)]
312 [(2,)]
313 [(2,)]
314 [(2,), (84, 84)]
315 [(2,), (84, 84)]
316 [(2,), (84, 84)]
317 [(2,)]
318 [(2,)]
319 [(2,)]
320 [(2,)]
321 [(2,)]
322 [(2,)]
323 [(2,)]
324 [(2,)]
325 [(2,)]
326 [(2,)]
327 [(2,)]
328 [(2,)]
329 [(2,)]
330 [(2,)]
331 [(2,), (84, 84)]
332 [(2,), (64, 64)]
333 [(2,), (84, 84)]
334 [(2,), (64, 64)]
335 [(2,), (84, 84)]
336 [(2,), (64, 64)]
337 [(2,), (84, 84)]
338 [(2,), (64, 64)]
339 [(2,), (84, 84)]
340 [(2,), (64, 64)]
341 [(2,), (84, 84)]
342 [(2,), (64, 64)]
343 [(2,), (84, 84)]
344 [(2,), (64, 64)]
345 [(2,), (84, 84)]
346 [(2,), (64, 64)]
347 [(2,), (84, 84)]
348 [(2,), (64, 64)]
349 [(2,), (84, 84)]
350 [(2,), (64, 64)]
351 [(2,)]
352 [(2,)]
353 [(2,)]
354 [(2,)]
355 [(2,)]
356 [(2,)]
357 [(2,)]
358 [(2,)]
359 [(2,)]
360 [(2,)]
361 [(2,)]
362 [(2,)]
363 [(2,)]
364 [(2,)]
365 [(2,)]
366 [(2,)]
367 [(2,)]
368 [(2,)]
369 [(2,)]
370 [(2,)]
371 [(2,)]
372 [(2,)]
373 [(2,)]
374 [(2,)]
375 [(2,)]
376 [(2,)]
377 [(2,)]
378 [(2,)]
379 [(2,)]
380 [(2,)]
381 [(2,)]
382 [(2,)]
383 [(2,)]
384 [(2,)]
385 [(2,)]
386 [(2,)]
387 [(2,)]
388 [(2,)]
389 [(2,)]
390 [(2,)]
391 [(2,)]
392 [(2,)]
393 [(2,)]
394 [(2,)]
395 [(2,)]
396 [(2,)]
397 [(2,)]
398 [(2,)]
399 [(2,)]
400 [(2,)]
401 [(2,)]
402 [(2,)]
403 [(2,)]
404 [(2,)]
405 [(2,)]
406 [(2,)]
407 [(2,)]
408 [(2,)]
409 [(2,)]
410 [(2,)]
411 [(2,)]
412 [(2,)]
413 [(2,)]
414 [(2,)]
415 [(2,)]
416 [(2,)]
417 [(2,)]
418 [(2,)]
419 [(2,)]
420 [(2,)]
421 [(2,)]
422 [(2,)]
423 [(2,)]
424 [(2,)]
425 [(2,)]
426 [(2,)]
427 [(2,)]
428 [(2,)]
429 [(2,)]
430 [(2,)]
431 [(2,)]
432 [(2,)]
433 [(2,)]
434 [(2,)]
435 [(2,)]
436 [(2,)]
437 [(2,)]
438 [(2,)]
439 [(2,)]
440 [(2,)]
441 [(2,)]
442 [(2,)]
443 [(2,)]
444 [(2,)]
445 [(2,)]
446 [(2,)]
447 [(2,)]
448 [(2,)]
449 [(2,)]
450 [(2,)]
451 [(2,), (84, 84)]
452 [(2,), (64, 64)]
453 [(2,)]
454 [(2,)]
455 [(2,)]
456 [(2,)]
457 [(2,)]
458 [(2,)]
459 [(2,)]
460 [(2,)]
461 [(2,)]
462 [(2,)]
463 [(2,)]
464 [(2,)]
465 [(2,)]
466 [(2,)]
467 [(2,)]
468 [(2,)]
469 [(2,)]
470 [(2,)]
471 [(2,)]
472 [(2,)]
473 [(2,)]
474 [(2,)]
475 [(2,)]
476 [(2,)]
477 [(2,)]
478 [(2,)]
479 [(2,)]
480 [(2,)]
481 [(2,)]
482 [(2,)]
483 [(2,)]
484 [(2,)]
485 [(2,)]
486 [(2,)]
487 [(2,)]
488 [(2,)]
489 [(2,)]
490 [(2,)]
491 [(2,)]
492 [(2,)]
493 [(2,)]
494 [(2,)]
495 [(2,)]
496 [(2,)]
497 [(2,)]
498 [(2,)]
499 [(2,)]
500 [(2,)]
501 [(2,)]
502 [(2,)]
503 [(2,)]
504 [(2,)]
505 [(2,), (84, 84)]
506 [(2,), (84, 84)]
507 [(2,), (84, 84)]
508 [(2,), (84, 84)]
509 [(2,), (84, 84)]
510 [(2,), (84, 84)]
511 [(2,)]
512 [(2,)]
513 [(2,)]
514 [(2,)]
515 [(2,)]
516 [(2,), (84, 84)]
517 [(2,), (64, 64)]
518 [(2,), (84, 84)]
519 [(2,), (64, 64)]
520 [(2,), (84, 84)]
521 [(2,), (64, 64)]
522 [(2,), (84, 84)]
523 [(2,), (64, 64)]
524 [(2,), (84, 84)]
525 [(2,), (84, 84)]
526 [(2,), (84, 84)]
527 [(2,), (84, 84)]
528 [(2,), (84, 84)]
529 [(2,), (84, 84)]
530 [(2,), (84, 84)]
531 []
532 [(2,), (84, 84)]
533 [(2,), (84, 84)]
534 []
535 [(2,)]
536 [(2,)]
537 [(2,)]
538 [(2,)]
539 [(2,)]
540 [(2,)]
541 [(2,)]
542 [(2,), (64, 64)]
543 [(2,), (64, 64)]
544 [(2,), (64, 64)]
545 [(2,), (64, 64)]
546 [(2,)]
547 [(2,), (64, 64)]
548 [(2,), (84, 84)]
549 [(2,), (64, 64)]
550 [(2,), (64, 64)]
551 [(2,), (64, 64)]
552 [(2,), (64, 64)]
553 [(2,), (64, 64)]
554 [(2,), (64, 64)]
555 [(2,), (84, 84)]
556 [(2,), (64, 64)]
557 []
558 [(2,)]
559 [(2,)]
560 []
561 [(2,), (84, 84)]
562 [(2,), (64, 64)]
563 [(2,), (84, 84)]
564 [(2,), (64, 64)]
565 [(2,), (84, 84)]
566 [(2,), (64, 64)]
567 [(2,), (84, 84)]
568 [(2,), (64, 64)]
569 [(2,)]
570 [(2,)]
571 [(2,)]
572 [(2,)]