func : 4 args : [[0], [4]]
0 []
1 [[30, 4]]
2 [[3], [72, 73]]
3 [[1], [69, 47], [39, 71]]
4 [[0], [5]]
5 [[2], [174]]
6 [[1]]
7 [[0]]
8 [[0]]
9 []
10 [[70]]
11 [[5]]
12 [[0], [44, 82]]
13 [[1], [51, 10]]
14 [[1], [13, 26]]
15 [[1], [28, 50]]
16 [[1], [19, 49]]
17 [[1], [29, 12]]
18 [[0], [6, 22]]
19 [[0], [4, 35]]
20 [[1], [6, 26]]
21 [[1]]
22 [[0]]
23 [[0]]
24 [[1]]
25 [[0]]
26 [[1]]
27 [[1]]
28 [[1]]
29 [[0]]
30 [[1]]
31 [[0]]
32 [[0]]
33 [[1]]
34 [[0]]
35 [[0]]
36 [[0]]
37 [[0]]
38 [[1]]
39 [[0], [15, 49]]
40 [[1], [26, 15]]
41 [[0], [77, 80]]
42 [[1], [79, 59]]
43 [[1], [45, 75]]
44 [[0], [65, 25]]
45 [[1], [15, 41]]
46 [[1], [31, 74]]
47 [[1], [12, 71]]
48 [[0], [17, 64]]
49 [[1], [12, 25]]
50 [[1], [15, 30]]
51 [[1], [81, 42]]
52 [[1], [65, 6]]
53 [[0], [61, 75]]
54 [[0], [30, 10]]
55 [[0], [51, 52]]
56 [[0], [23, 4]]
57 [[1], [57, 66]]
58 [[1], [2, 16]]
59 [[1], [6, 68]]
60 [[0], [70, 33]]
61 [[0], [67, 1]]
62 [[1]]
63 []
64 [[0], [3, 75]]
65 [[1], [23, 9]]
66 [[1]]
67 [[1], [53, 63]]
68 [[0], [41, 72]]
69 [[0], [28, 39]]
70 [[1], [28, 6]]
71 [[1]]
72 [[1], [35, 19]]
73 [[0]]
74 [[1], [28, 14]]
75 [[0]]
76 [[1], [68, 69]]
77 [[1]]
78 [[0], [66, 41]]
79 [[0], [49, 38]]
80 [[1], [73, 17]]
81 [[0], [51, 9]]
82 [[0], [12, 21]]
83 [[1], [68, 56]]
84 [[1], [42, 25]]
85 [[1], [59, 57]]
86 [[1], [4, 49]]
87 [[1], [62, 42]]
88 [[0], [5, 68]]
89 [[1], [72, 0]]
90 [[0], [50, 12]]
91 [[1], [47, 20]]
92 [[0]]
93 [[0], [57, 2]]
94 [[1]]
95 [[0], [61, 77]]
96 [[1]]
97 [[0], [66, 61]]
98 [[0]]
99 [[1], [35, 43]]
100 [[0], [8, 42]]
101 [[0], [67, 48]]
102 [[1], [20, 42]]
103 [[0]]
104 [[1]]
105 [[0]]
106 [[0]]
107 [[1]]
108 [[1]]
109 [[1]]
110 [[1]]
111 [[1]]
112 [[0]]
113 [[0]]
114 [[0]]
115 [[1]]
116 [[0]]
117 [[1]]
118 []
119 [[0]]
120 []
121 [[0]]
122 [[0]]
123 []
124 [[0]]
125 [[1]]
126 []
127 [[1]]
128 [[0]]
129 []
130 [[0]]
131 []
132 [[0]]
133 []
134 [[0]]
135 [[1]]
136 []
137 [[1]]
138 [[1]]
139 []
140 [[1]]
141 [[1]]
142 [[0]]
143 [[0]]
144 [[0]]
145 [[0]]
146 [[0]]
147 [[1]]
148 [[1]]
149 [[1]]
150 [[0]]
151 [[1]]
152 [[1]]
153 [[1]]
154 [[0]]
155 [[0]]
156 [[1]]
157 [[1]]
158 [[1]]
159 [[0]]
160 [[1]]
161 [[0]]
162 [[1]]
163 [[1]]
164 [[1]]
165 [[1]]
166 [[1]]
167 [[0]]
168 [[1]]
169 [[1]]
170 [[0]]
171 [[1]]
172 [[0]]
173 [[1]]
174 [[1]]
175 [[0]]
176 [[1], [28, 56]]
177 [[0], [78, 23]]
178 [[1], [9, 59]]
179 [[0], [10, 34]]
180 [[0], [6, 18]]
181 [[1], [39, 21]]
182 [[0], [20, 57]]
183 [[0], [45, 4]]
184 [[0], [71, 70]]
185 [[1], [46, 22]]
186 []
187 [[1], [63, 73]]
188 [[1], [24, 67]]
189 [[0], [27, 26]]
190 [[0], [19, 24]]
191 [[1]]
192 [[0], [57, 63]]
193 [[0], [83, 2]]
194 [[0], [21, 34]]
195 [[0], [1, 2]]
196 [[0], [81, 35]]
197 [[1]]
198 [[0], [38, 3]]
199 []
200 [[1], [9, 0]]
201 [[1]]
202 []
203 [[1], [66, 16]]
204 [[1], [81, 16]]
205 [[0], [27, 78]]
206 [[1], [62, 36]]
207 [[0], [74, 33]]
208 [[0], [53, 75]]
209 [[1], [61, 36]]
210 [[1], [7, 52]]
211 [[1]]
212 [[0], [83, 58]]
213 [[0], [32, 65]]
214 [[1], [22, 66]]
215 [[0], [71, 30]]
216 [[1], [67, 22]]
217 [[0], [22, 3]]
218 [[0], [78, 44]]
219 [[0], [43, 5]]
220 [[0], [82, 32]]
221 []
222 [[0], [70, 82]]
223 []
224 [[0], [32, 16]]
225 []
226 [[1]]
227 [[1], [72, 73]]
228 [[0]]
229 [[1], [13, 0]]
230 [[1], [19, 10]]
231 [[0], [40, 81]]
232 [[0], [29, 77]]
233 [[0], [48, 34]]
234 [[1]]
235 [[1]]
236 [[1]]
237 [[1]]
238 [[0]]
239 [[1], [82, 41]]
240 [[0], [61, 58]]
241 [[1], [31, 35]]
242 [[1], [68, 50]]
243 [[0], [62, 61]]
244 [[0]]
245 [[0], [78, 80]]
246 []
247 [[0], [47, 78]]
248 [[1]]
249 [[1]]
250 [[0]]
251 [[0]]
252 [[1]]
253 [[0]]
254 [[1]]
255 [[1]]
256 [[1]]
257 [[0]]
258 [[1]]
259 [[0]]
260 [[1]]
261 [[0]]
262 [[1]]
263 [[1]]
264 [[0], [36, 62]]
265 [[1], [47, 46]]
266 [[0], [55, 69]]
267 [[1], [29, 74]]
268 [[1], [21, 47]]
269 [[1]]
270 [[0]]
271 [[1]]
272 [[1]]
273 [[1]]
274 [[0]]
275 [[0], [70, 1]]
276 [[0], [80, 83]]
277 [[1], [25, 19]]
278 [[0], [10, 17]]
279 [[1], [60, 54]]
280 [[0], [14, 20]]
281 [[0]]
282 [[1]]
283 [[0]]
284 [[0]]
285 [[0]]
286 [[0]]
287 [[0], [69, 52]]
288 [[1], [58, 57]]
289 [[1], [59, 39]]
290 [[1], [69, 83]]
291 [[0], [78, 46]]
292 [[0], [8, 78]]
293 [[0], [47, 44]]
294 [[1]]
295 [[0]]
296 [[0]]
297 [[0]]
298 [[0]]
299 [[1]]
300 [[1]]
301 [[1]]
302 [[0]]
303 [[0]]
304 [[1]]
305 [[0], [70, 30]]
306 [[0]]
307 [[1]]
308 [[0]]
309 [[0]]
310 [[0]]
311 [[0]]
312 [[0]]
313 [[0]]
314 [[0], [29, 53]]
315 [[1], [37, 3]]
316 [[1], [69, 69]]
317 [[1]]
318 [[0]]
319 [[0]]
320 [[1]]
321 [[1]]
322 [[1]]
323 [[0]]
324 [[1]]
325 [[1]]
326 [[1]]
327 [[0]]
328 [[0]]
329 [[0]]
330 [[0]]
331 [[1], [36, 19]]
332 [[0], [55, 63]]
333 [[0], [42, 82]]
334 [[0], [35, 3]]
335 [[1], [61, 22]]
336 [[1], [3, 30]]
337 [[1], [22, 68]]
338 [[1], [18, 31]]
339 [[1], [1, 12]]
340 [[0], [44, 43]]
341 [[0], [27, 44]]
342 [[0], [53, 44]]
343 [[1], [47, 32]]
344 [[1], [7, 6]]
345 [[0], [39, 70]]
346 [[0], [56, 8]]
347 [[1], [51, 70]]
348 [[0], [57, 63]]
349 [[1], [1, 10]]
350 [[0], [14, 39]]
351 [[0]]
352 [[1]]
353 [[0]]
354 [[0]]
355 [[0]]
356 [[1]]
357 [[1]]
358 [[1]]
359 [[1]]
360 [[0]]
361 [[0]]
362 [[0]]
363 [[0]]
364 [[0]]
365 [[1]]
366 [[0]]
367 [[0]]
368 [[1]]
369 [[1]]
370 [[0]]
371 [[1]]
372 [[1]]
373 [[0]]
374 [[1]]
375 [[0]]
376 [[1]]
377 [[0]]
378 [[1]]
379 [[1]]
380 [[0]]
381 [[0]]
382 [[0]]
383 [[1]]
384 [[0]]
385 [[0]]
386 [[1]]
387 [[0]]
388 [[0]]
389 [[1]]
390 [[1]]
391 [[0]]
392 [[1]]
393 [[1]]
394 [[0]]
395 [[1]]
396 [[1]]
397 [[0]]
398 [[0]]
399 [[1]]
400 [[1]]
401 [[0]]
402 [[0]]
403 [[0]]
404 [[0]]
405 [[1]]
406 [[0]]
407 [[1]]
408 [[0]]
409 [[0]]
410 [[0]]
411 [[1]]
412 [[0]]
413 [[1]]
414 [[1]]
415 [[1]]
416 [[0]]
417 [[0]]
418 [[0]]
419 [[1]]
420 [[0]]
421 [[1]]
422 [[1]]
423 [[0]]
424 [[0]]
425 [[1]]
426 [[1]]
427 [[0]]
428 [[0]]
429 [[0]]
430 [[1]]
431 [[0]]
432 [[1]]
433 [[1]]
434 [[1]]
435 [[0]]
436 [[1]]
437 [[1]]
438 [[1]]
439 [[0]]
440 [[0]]
441 [[1]]
442 [[0]]
443 [[0]]
444 [[0]]
445 [[1]]
446 [[0]]
447 [[1]]
448 [[1]]
449 [[1]]
450 [[1]]
451 [[0], [21, 63]]
452 [[0], [21, 51]]
453 [[0]]
454 [[1]]
455 [[0]]
456 [[0]]
457 [[0]]
458 [[1]]
459 [[1]]
460 [[1]]
461 [[0]]
462 [[0]]
463 [[0]]
464 [[1]]
465 [[1]]
466 [[1]]
467 [[0]]
468 [[1]]
469 [[1]]
470 [[0]]
471 [[1]]
472 [[1]]
473 [[0]]
474 [[1]]
475 [[0]]
476 [[1]]
477 [[1]]
478 [[0]]
479 [[1]]
480 [[1]]
481 [[1]]
482 [[0]]
483 [[1]]
484 [[0]]
485 [[1]]
486 [[1]]
487 [[0]]
488 [[1]]
489 [[0]]
490 [[1]]
491 [[0]]
492 [[0]]
493 [[0]]
494 [[0]]
495 [[0]]
496 [[1]]
497 [[0]]
498 [[0]]
499 [[1]]
500 [[1]]
501 [[0]]
502 [[0]]
503 [[0]]
504 [[0]]
505 [[1], [79, 41]]
506 [[1], [45, 61]]
507 [[0], [15, 14]]
508 [[1], [46, 80]]
509 [[0], [45, 67]]
510 [[1], [78, 38]]
511 [[0]]
512 [[0]]
513 [[0]]
514 [[1]]
515 [[1]]
516 [[0], [11, 50]]
517 [[1], [25, 10]]
518 [[0], [47, 3]]
519 [[1], [9, 59]]
520 [[1], [39, 6]]
521 [[0], [49, 25]]
522 [[1], [6, 64]]
523 [[1], [39, 17]]
524 [[0], [63, 48]]
525 [[0], [20, 34]]
526 [[1], [68, 37]]
527 [[0], [63, 64]]
528 [[1], [52, 25]]
529 [[0], [34, 45]]
530 [[1], [57, 52]]
531 []
532 [[1], [31, 35]]
533 [[1], [51, 62]]
534 []
535 [[0]]
536 [[0]]
537 [[0]]
538 [[1]]
539 [[0]]
540 [[1]]
541 [[1]]
542 [[1], [15, 12]]
543 [[0], [55, 19]]
544 [[1], [29, 21]]
545 [[1], [11, 28]]
546 [[1]]
547 [[0], [34, 48]]
548 [[0], [81, 39]]
549 [[1], [45, 37]]
550 [[1], [63, 18]]
551 [[1], [30, 31]]
552 [[0], [18, 62]]
553 [[0], [33, 16]]
554 [[1], [54, 47]]
555 [[1], [22, 15]]
556 [[1], [26, 20]]
557 []
558 [[0]]
559 [[0]]
560 []
561 [[1], [69, 2]]
562 [[0], [38, 53]]
563 [[0], [21, 54]]
564 [[0], [38, 41]]
565 [[0], [71, 55]]
566 [[1], [35, 47]]
567 [[0], [28, 24]]
568 [[0], [38, 5]]
569 [[0]]
570 [[1]]
571 [[0]]
572 [[0]]